2.489806618541479111e-02
-2.123720571398735046e-01
-3.769596666097640991e-02
-1.311817690730094910e-01
-1.199167445302009583e-01
-1.893280714284628630e-03
7.011483982205390930e-02
1.095487289130687714e-01
-2.293996289372444153e-01
6.433212384581565857e-02
-2.746698260307312012e-01
-7.836494594812393188e-02
-1.200395375490188599e-01
-9.046628326177597046e-02
-9.982059523463249207e-02
8.235767856240272522e-02
3.243283927440643311e-01
-1.793173328042030334e-01
-1.980827655643224716e-02
-4.795683547854423523e-02
1.753241580445319414e-03
-1.175837963819503784e-01
1.202443167567253113e-01
3.908807225525379181e-02
7.120759785175323486e-02
5.664986744523048401e-02
-4.596908949315547943e-02
2.739716973155736923e-02
3.901039063930511475e-02
-4.232673905789852142e-02
-2.100807577371597290e-01
-1.338534173555672169e-03
2.436995580792427063e-01
-2.882914803922176361e-02
2.208554930984973907e-02
-1.438111905008554459e-02
3.595286794006824493e-02
-1.253677830100059509e-01
-5.885506607592105865e-02
-1.803984865546226501e-01
-1.055130735039710999e-01
-2.729894872754812241e-02
1.525356024503707886e-01
7.453681156039237976e-02
-4.587196744978427887e-02
5.597399547696113586e-02
-2.201087120920419693e-02
4.541327431797981262e-02
1.276196539402008057e-01
-1.137495525181293488e-01
-3.480943851172924042e-02
-4.089227505028247833e-02
4.574272409081459045e-02
6.155845895409584045e-02
-1.055155461654067039e-02
8.247976750135421753e-02
7.832943275570869446e-02
4.762136563658714294e-02
1.623041171114891768e-04
-6.258602079469710588e-04
2.753754258155822754e-01
-1.383016854524612427e-01
-1.873228466138243675e-04
5.712832883000373840e-02
-2.146814092993736267e-01
-1.708997227251529694e-02
-5.431160330772399902e-03
-6.312122568488121033e-02
-7.860013749450445175e-03
4.525986127555370331e-02
-9.540531027596443892e-04
3.657792694866657257e-02
-9.592853486537933350e-02
9.750434011220932007e-02
-7.490697875618934631e-02
2.906791586428880692e-02
8.343785405158996582e-01
2.754317410290241241e-02
-6.133090145885944366e-02
-9.986210241913795471e-02
-5.368492566049098969e-02
-2.899604104459285736e-02
2.036998327821493149e-02
-2.301227301359176636e-02
-2.850143518298864365e-02
-6.161501817405223846e-02
