-3.237847611308097839e-02
4.671213030815124512e-02
0.000000000000000000e+00
-4.998368676751852036e-03
0.000000000000000000e+00
0.000000000000000000e+00
0.000000000000000000e+00
7.099720090627670288e-02
5.461833253502845764e-02
0.000000000000000000e+00
5.200635350774973631e-04
-6.137529946863651276e-02
-5.577312316745519638e-03
2.583821211010217667e-02
0.000000000000000000e+00
-3.222525678575038910e-02
-1.928830146789550781e-02
1.614314317703247070e-02
-9.823739819694310427e-04
-2.147885598242282867e-02
1.038200967013835907e-02
-1.109821954742074013e-02
-8.939320105127990246e-04
-7.838107121642678976e-04
2.259954717010259628e-02
-5.234580300748348236e-02
2.544388920068740845e-02
0.000000000000000000e+00
-5.629703216254711151e-02
-2.685025054961442947e-02
4.123928211629390717e-02
1.669341605156660080e-02
-2.467651758342981339e-02
-3.628563880920410156e-02
-9.488158859312534332e-03
-8.555789012461900711e-03
-1.199277937412261963e-01
-2.318665757775306702e-02
-1.504929587244987488e-01
-1.336399931460618973e-02
-7.193974778056144714e-02
0.000000000000000000e+00
-3.145179338753223419e-02
-2.522421255707740784e-02
-9.568513371050357819e-03
-1.829809788614511490e-02
4.787931218743324280e-03
-5.507158813998103142e-03
0.000000000000000000e+00
1.576930005103349686e-02
8.232058212161064148e-02
-2.948871348053216934e-02
-7.439263164997100830e-02
1.573348324745893478e-02
-2.276060823351144791e-02
-5.034575238823890686e-03
-1.185215737677935977e-04
0.000000000000000000e+00
0.000000000000000000e+00
0.000000000000000000e+00
1.315932953730225563e-02
-4.690805077552795410e-02
-8.908365387469530106e-03
-3.145687840878963470e-02
2.551901619881391525e-02
0.000000000000000000e+00
0.000000000000000000e+00
0.000000000000000000e+00
3.529151785187423229e-03
-4.346185922622680664e-02
0.000000000000000000e+00
0.000000000000000000e+00
0.000000000000000000e+00
0.000000000000000000e+00
0.000000000000000000e+00
0.000000000000000000e+00
0.000000000000000000e+00
0.000000000000000000e+00
0.000000000000000000e+00
0.000000000000000000e+00
0.000000000000000000e+00
0.000000000000000000e+00
0.000000000000000000e+00
0.000000000000000000e+00
0.000000000000000000e+00
0.000000000000000000e+00
0.000000000000000000e+00
-7.778398692607879639e-03
6.197635643184185028e-02
0.000000000000000000e+00
5.539976991713047028e-02
1.997171994298696518e-02
2.861086130142211914e-01
3.309703059494495392e-02
0.000000000000000000e+00
0.000000000000000000e+00
0.000000000000000000e+00
0.000000000000000000e+00
-1.117395348846912384e-01
0.000000000000000000e+00
0.000000000000000000e+00
0.000000000000000000e+00
0.000000000000000000e+00
0.000000000000000000e+00
0.000000000000000000e+00
0.000000000000000000e+00
0.000000000000000000e+00
0.000000000000000000e+00
0.000000000000000000e+00
0.000000000000000000e+00
0.000000000000000000e+00
0.000000000000000000e+00
0.000000000000000000e+00
0.000000000000000000e+00
0.000000000000000000e+00
0.000000000000000000e+00
0.000000000000000000e+00
0.000000000000000000e+00
0.000000000000000000e+00
5.240185558795928955e-02
3.071734402328729630e-02
-1.344616562128067017e-01
8.036656677722930908e-02
-1.008462086319923401e-01
8.427643403410911560e-02
-2.025224938988685608e-01
-2.820358574390411377e-01
-1.239531382452696562e-03
-1.190757825970649719e-01
0.000000000000000000e+00
-2.494520470499992371e-01
1.529360190033912659e-01
0.000000000000000000e+00
0.000000000000000000e+00
0.000000000000000000e+00
0.000000000000000000e+00
0.000000000000000000e+00
0.000000000000000000e+00
0.000000000000000000e+00
0.000000000000000000e+00
0.000000000000000000e+00
0.000000000000000000e+00
0.000000000000000000e+00
0.000000000000000000e+00
0.000000000000000000e+00
0.000000000000000000e+00
0.000000000000000000e+00
-2.493527252227067947e-02
0.000000000000000000e+00
-2.924762386828660965e-02
0.000000000000000000e+00
0.000000000000000000e+00
0.000000000000000000e+00
0.000000000000000000e+00
0.000000000000000000e+00
0.000000000000000000e+00
0.000000000000000000e+00
0.000000000000000000e+00
0.000000000000000000e+00
-1.272740289568901062e-01
-2.333450037986040115e-02
-1.926890481263399124e-02
0.000000000000000000e+00
1.782641839236021042e-02
5.309052998200058937e-03
-5.365708097815513611e-02
-4.133287258446216583e-02
1.650647912174463272e-02
-1.576063688844442368e-02
-1.668606400489807129e-01
0.000000000000000000e+00
-3.808162361383438110e-02
0.000000000000000000e+00
3.846174106001853943e-02
0.000000000000000000e+00
0.000000000000000000e+00
0.000000000000000000e+00
0.000000000000000000e+00
0.000000000000000000e+00
0.000000000000000000e+00
0.000000000000000000e+00
0.000000000000000000e+00
0.000000000000000000e+00
0.000000000000000000e+00
0.000000000000000000e+00
-4.986387491226196289e-02
0.000000000000000000e+00
0.000000000000000000e+00
0.000000000000000000e+00
0.000000000000000000e+00
0.000000000000000000e+00
0.000000000000000000e+00
0.000000000000000000e+00
0.000000000000000000e+00
0.000000000000000000e+00
0.000000000000000000e+00
0.000000000000000000e+00
0.000000000000000000e+00
0.000000000000000000e+00
0.000000000000000000e+00
0.000000000000000000e+00
0.000000000000000000e+00
0.000000000000000000e+00
0.000000000000000000e+00
0.000000000000000000e+00
0.000000000000000000e+00
0.000000000000000000e+00
0.000000000000000000e+00
0.000000000000000000e+00
0.000000000000000000e+00
0.000000000000000000e+00
0.000000000000000000e+00
0.000000000000000000e+00
0.000000000000000000e+00
0.000000000000000000e+00
0.000000000000000000e+00
0.000000000000000000e+00
-2.074366342276334763e-02
0.000000000000000000e+00
0.000000000000000000e+00
5.172580666840076447e-02
0.000000000000000000e+00
-2.022738158702850342e-01
-3.713769279420375824e-02
0.000000000000000000e+00
0.000000000000000000e+00
0.000000000000000000e+00
-5.639629065990447998e-02
0.000000000000000000e+00
0.000000000000000000e+00
-1.090865917503833771e-01
0.000000000000000000e+00
0.000000000000000000e+00
0.000000000000000000e+00
0.000000000000000000e+00
0.000000000000000000e+00
0.000000000000000000e+00
0.000000000000000000e+00
0.000000000000000000e+00
0.000000000000000000e+00
0.000000000000000000e+00
0.000000000000000000e+00
0.000000000000000000e+00
0.000000000000000000e+00
0.000000000000000000e+00
0.000000000000000000e+00
0.000000000000000000e+00
0.000000000000000000e+00
0.000000000000000000e+00
0.000000000000000000e+00
0.000000000000000000e+00
0.000000000000000000e+00
0.000000000000000000e+00
0.000000000000000000e+00
0.000000000000000000e+00
0.000000000000000000e+00
7.405271753668785095e-02
6.117618829011917114e-02
3.709384426474571228e-02
-1.031666137278079987e-01
-1.148688569664955139e-01
0.000000000000000000e+00
0.000000000000000000e+00
-2.261108756065368652e-01
0.000000000000000000e+00
-5.375819206237792969e-01
0.000000000000000000e+00
0.000000000000000000e+00
